3.486617633687919427e-03 7.087259151036272575e-01 -1.163143304041531323e+00 -1.079316039054827314e+00 4.002553044218331575e+08 -2.835732955258948973e+00 -1.181840681492891260e-02
7.087259151036272575e-01 1.495791249863196299e+03 -5.360745612105388318e+02 -8.546459264359879171e+02 2.289947381594961243e+11 -1.254742885265665109e+03 -2.895218586934324101e+00
-1.163143304041531323e+00 -5.360745612105388318e+02 4.549988938175977751e+02 4.975466541581973843e+02 -1.655167520419151917e+11 1.090909128700514430e+03 4.037872860014251053e+00
-1.079316039054827314e+00 -8.546459264359879171e+02 4.975466541581973843e+02 6.699907172827624890e+02 -2.022407220459031372e+11 1.263063764827469413e+03 4.040640455095664052e+00
4.002553044218331575e+08 2.289947381594961243e+11 -1.655167520419151917e+11 -2.022407220459031372e+11 6.426216604574130176e+19 -4.157980473525227051e+11 -1.447564654924379349e+09
-2.835732955258948973e+00 -1.254742885265665109e+03 1.090909128700514430e+03 1.263063764827469413e+03 -4.157980473525227051e+11 2.766533784291388656e+03 1.012923257307470948e+01
-1.181840681492891260e-02 -2.895218586934324101e+00 4.037872860014251053e+00 4.040640455095664052e+00 -1.447564654924379349e+09 1.012923257307470948e+01 4.096063565465447864e-02
