6.415132699737416999e+01 -6.374880033844972058e+04 2.486862190666849347e+04 2.716427578373162305e+03 -6.337757943368916016e+11 -1.150968560244696164e+03 5.921930340680687550e+02
-6.374880033844972058e+04 9.599113535963557661e+07 -2.115590859557510167e+07 -1.690103792866424890e+06 3.947360760174687500e+14 1.311141994709303370e+06 -5.855535377492837142e+05
2.486862190666849347e+04 -2.115590859557510167e+07 1.098199009456729516e+07 1.863329388840561267e+06 -4.350553991405087500e+14 -4.861574296708953916e+05 2.291714119773151760e+05
2.716427578373162305e+03 -1.690103792866424890e+06 1.863329388840561267e+06 1.068267548247331288e+06 -2.494144202774140312e+14 -2.811508860503531178e+05 2.411269338256901028e+04
-6.337757943368916016e+11 3.947360760174687500e+14 -4.350553991405087500e+14 -2.494144202774140312e+14 5.823433665488140160e+22 6.552002348906072656e+13 -5.626053653177600586e+12
-1.150968560244696164e+03 1.311141994709303370e+06 -4.861574296708953916e+05 -2.811508860503531178e+05 6.552002348906072656e+13 1.449436841887434421e+05 -1.028007104254477781e+04
5.921930340680687550e+02 -5.855535377492837142e+05 2.291714119773151760e+05 2.411269338256901028e+04 -5.626053653177600586e+12 -1.028007104254477781e+04 5.469171892215496882e+03
